     x Populacja (w tys., stan na 31.12.) Urodzenia żywe Zgony ogółem Przyrost naturalny
2 1946                             23 640        622 500      241 800            380 700
3 1947                             23 754        681 200      258 400            422 800
4 1948                             24 211        704 800      267 300            437 500
5 1949                             24 613        725 100      280 500            444 600
6 1950                             25 035        763 100      288 700            474 400
7 1951                             25 507        783 600      312 300            471 300
  Współczynnik urodzeń żywych (na 1000) Współczynnik zgonów (na 1000) Przyrost naturalny (na 1000)
2                                  26,2                          10,2                         16,0
3                                  28,7                          10,9                         17,8
4                                  29,4                          11,2                         18,2
5                                  29,7                          11,5                         18,2
6                                  30,7                          11,6                         19,1
7                                  31,0                          12,4                         18,6
